"R" "s" "x1" "y1"
313429.455195846 2203.10322461894 305.836875922978 8510.02224721014
310958.309408866 2287.46411914600 6911.0190263018 -5666.87881015241
314689.927997258 1968.54882830865 -6888.93803860992 2541.34299699217
310722.293441267 2294.00017920028 6625.12391339988 6047.2017666325
295495.164789173 1391.93370608456 330.138029530644 -4447.43209984154
306594.444462734 2388.48792272431 8289.4873432815 -4521.51141129434
294130.86755 2579.86328362450 9548.7534115091 4119.11279894412
286963.80702786 2663.44592776805 -9725.78991670161 4735.13120785356
305560.167443655 2408.27982651079 -9480.38920294493 1077.27339491248
311642.748178809 2267.40137445721 -8383.83973110467 2793.55003964156
306987.238940568 1719.33882277207 -5397.03728631139 2835.78342758119
306686.960796698 2386.66084225923 3412.44053561240 -8794.45722792298
311848.698111452 2260.99137070973 5324.12129919976 7012.9164820537
255234.657912505 2944.07562758039 9093.07292662561 -8164.1696812585
314592.651705319 2139.05790585763 3956.59472327679 7176.91637575626
218443.147459587 3185.74851993689 -9362.23688069731 9627.0269760862
278384.677179318 1349.49710616175 845.01619450748 4162.58104611188
288887.059741429 1457.82389715478 -2262.19114847481 -4221.15584369749
314832.603860015 2118.78915999735 5683.33065602928 -5762.96028681099
304594.496982348 1674.18084104804 -2392.48943980783 -5361.29746120423
285140.621392983 1417.05051694976 -2595.09180672467 -3780.21689597517
266293.961258509 1242.58817825935 -2367.44628287852 -2860.26714835316
285200.037113303 1417.67663455373 -3670.26924155653 2753.61286941916
300149.374111391 1602.21841799662 -1480.69078102708 5308.45465604216
294810.433397395 2571.24295809926 8578.0768794939 -5802.39449162036
180975.740212609 712.281744724044 -1057.03544802964 -96.2524814531207
264451.80610826 2872.48156122586 7529.12092022598 -9166.73644911498
309034.58459891 2336.42428670512 5852.49539930373 -7075.28456114233
306324.000566351 1706.22682994648 4838.16463500261 3600.93628056347
306771.836310482 1715.02410654858 -5994.71317604184 985.141322016716
312298.845458373 1588.27575623350 737.664657644928 -5391.14587940276
290534.391247333 2623.33072192429 8970.8684105426 5677.75077186525
301494.819823687 2477.28101878916 5502.19792872667 -8213.81906513125
312842.145618366 2226.83718996614 -8570.79265173525 1044.35642249882
306502.202948612 2390.29980999874 4168.72642468661 -8482.4851481244
206295.178975384 845.052858561195 -449.737696908414 1665.61486665159
301241.384608734 1618.78287926280 -4029.85095977783 3879.71384450793
306747.561750759 2385.45865615584 -7635.65184082836 -5529.0758330375
303902.354302967 1662.09716513825 -2745.32099720091 5121.03096581995
308732.617229901 2343.36854569179 -5304.26601879299 7537.56936173886
284497.825274736 1410.31596627435 4132.23367650062 1908.27770624310
227689.353283047 3130.11201096277 8728.65078505129 -9836.05028595775
314662.828170013 2133.63984935319 -6189.51571173966 -5330.04448283464
299884.620119463 1598.29390262345 -5035.01613624394 -2191.99678860605
301421.456362906 2478.42414555506 -8637.58996594697 4821.42013031989
255175.224113196 1155.48131462181 1662.53711562604 -2824.42280557007
308051.17018605 1741.53433872471 -4788.75271044672 3950.06776321679
287130.91363113 2661.62718894078 5718.43107230961 -9171.44201695919
303934.061722108 1398.78106139013 -4487.21271939576 -245.167124085128
313032.070042695 2219.52600419226 8350.1180773601 2048.11378382146
312958.159224136 2222.40807312359 -7750.97040459514 3753.62452119589
295775.191541726 2558.75414439949 9956.03882241994 2615.14944955707
311404.372502721 1825.40770279521 -1485.07075384259 6458.49861204624
304665.751227792 2424.55304514773 -4625.49842428416 8438.14997002482
297034.909765855 2541.97005646204 -3190.56546315551 -9698.52230045944
297576.580733520 2534.57430481445 -8115.41526578367 -6134.11363679916
314760.197820694 2125.48087433748 -7947.48702086508 1700.63278637826
281019.724082068 1375.04048597533 -3278.93600333482 2896.71796839684
286365.824941342 1430.08952196135 4043.38558670133 -2297.32365347445
310758.587497884 1806.99348425427 -4816.46905187517 -4416.72107670456
315130.26388318 2022.374862457 -1883.00055917352 7375.29249861836
283728.474514608 2697.65243235748 -9545.79836223274 5442.39276088774
292599.246811221 2598.79568983704 3671.6502904892 -9830.69518581033
311288.760223231 1822.00176092 -4347.60829433799 4979.0077842772
311774.662255984 1836.68215439503 -4717.53780730069 -4734.2176316306
304802.231713867 2422.11590105115 7412.51713130623 -6117.01137851924
312746.753104886 1869.60240596156 6168.17262489349 -2974.71262980253
283058.871666003 1395.49124442835 -3696.31764478981 -2526.82609017938
314497.7432657 2145.89972084075 -7941.99656229466 -2156.23233467340
303563.908495056 2443.67654243798 -9711.32188104093 -370.39150018245
253221.673777171 1141.03849569721 -2839.0004998073 1487.72812914103
309943.024768013 1785.56411660576 -2684.60795748979 5840.35594481975
309585.574550439 1776.70100745251 1838.69842905551 -6112.96365503222
282723.675739600 1392.08587935911 4320.2273035422 1109.53433904797
303475.089054672 1654.82221814602 3708.89018755406 4425.43698009104
305428.989028694 2410.71246113408 -8231.49051517248 -4849.03254546225
300773.531188504 2488.39052318674 2244.58042997867 -9685.26099342853
302524.039384076 1639.09107877090 -5052.91177891195 -2627.98300944269
304906.671662365 2420.24007234288 -4352.80323959887 8557.81235732138
296396.736021648 1448.19994075304 129.694184288383 -4739.2254229635
310605.440540599 1802.82773997604 -4107.75168798864 5055.72735331953
310111.786375614 1789.85353806274 6448.54036159813 -96.8552846461535
273118.655021179 1301.05545395473 -3703.80084961653 1524.50164780021
299680.168184078 2504.71356281982 9711.94924786687 2479.90998439491
315175.433026361 2062.68435973352 4589.27581086755 6323.61508440226
209455.136741548 862.664814196922 711.940755136311 -1667.71836578846
308643.838368696 2345.37911529206 1918.50610543042 9025.23885015398
300053.688571988 2499.20390957057 9907.46140945703 -1327.63519883156
311613.268255802 2268.30351178112 328.029878437519 -8835.43033152819
295677.006174407 1446.90324990596 4680.04579190165 -716.111375950277
312747.053604388 2230.38648861492 -8138.23740929365 2936.8396056816
300359.974604668 2494.63506227515 -9495.92155404389 -3048.22893347591
302609.634617814 1640.48214719932 -1865.71892350912 -5388.56020662934
314656.188812591 1965.83261222154 6201.67114306241 3905.88097739965
242861.734982271 3032.00994575906 9932.34721943736 7850.1807525754
289634.537493581 1466.29959161205 2289.39102962613 -4254.6517169103
269261.709009673 2832.52404427661 9688.44190239906 -6492.36504919827
297798.295791 1568.48566364022 3739.55655843019 3815.39736874402
314185.69220612 2165.57437973761 -6963.16985413432 -4568.11951939017
298202.235001439 1574.11114745057 5264.78222105652 1060.63051614910
180360.455448047 709.218911470117 472.782398574054 -933.161629363894
284128.081891247 2693.52589286164 4594.92353722453 9958.69337581098
281069.575933196 2724.46694079402 5647.83357549459 -9581.66505210102
240173.561498078 1049.90708097083 1467.12897811085 -2325.39835385978
303208.826164993 2449.64440585779 -775.219518691301 9717.34878607094
231185.938546487 991.689639387305 17.6876643672585 2458.38456787169
315028.861868502 2004.00896732356 7519.52467951924 88.4473789483309
312757.395956035 2230.00385343896 8461.90085168928 1794.17593870312
309545.190426899 2324.28232591257 -431.206901557744 -9111.21346056461
310805.436406965 1808.28215917354 -6330.55706974119 1647.45330344886
255519.856478134 1158.05348798734 -2795.66811863333 -1734.96386036277
299444.439893028 2508.15659778394 -1524.24938045442 -9924.4136782363
312757.492372038 2230.00028251688 2073.37376661599 8397.83577248454
263952.948562047 1223.48481411045 1128.25434654951 3436.97527423501
296992.285241968 1557.45267898360 2803.74418478459 4482.65242390335
302510.836774658 1638.876932856 3908.39266590774 4141.31422061473
310378.456250066 2303.22042439830 4670.29560357332 7712.22642622888
311013.395494164 2285.91254045616 -6545.61310540885 6073.88171833009
274230.306825008 1311.01697651441 3758.66010785103 -1521.90262451768
309958.791581545 1785.9619113725 -5136.9563350454 3867.05709155649
306811.201302735 2384.19153584463 -3955.15081007034 -8550.51025748253
299897.055933635 1598.47747835625 2160.80538928509 -5049.47911482304
289292.343623967 1462.40426168969 -4525.92965215445 1634.47540719062
234581.075449373 1013.29737757557 -1845.06059624255 1783.98608230054
286813.445473206 2665.07782192493 9648.09627272189 4909.50992330909
307722.059045323 2365.49835614315 -1670.20516935736 9176.73785239458
276888.071450205 1335.39588069296 827.258508652449 -4094.23989243805
224888.950332947 3147.26052614107 -9044.50758360326 -9664.19111471623
298902.828798856 1584.02902520803 -5309.31256245822 1090.49222897738
301156.153284795 2482.53279976137 -8474.05570559204 -5143.08151323348
312396.293897695 1857.08530029034 6453.05159967393 2097.6505568251
274865.005511212 2783.23479176217 8409.5657384023 7720.63675802201
314873.035503353 1985.24770308868 7075.270479545 -2256.00667763501
287799.392665653 1348.70718998357 423.652492463589 -4222.33536373824
315174.648450146 2063.09022528648 7122.9333197698 3216.37952234596
269471.219490126 1269.26290801684 2157.95847587287 -3183.92065819353
307605.534486239 1732.04894477796 5106.33863508701 3445.85559796542
313990.251872045 1923.65401323063 6603.14302425832 -2658.62199943513
313614.538004296 2194.81998000755 -7220.98884172738 4434.82685834169
313915.569315668 1919.77298363588 -6667.81791951507 2435.99821813405
282217.658053012 2713.02178895305 7833.35394691676 7815.06250146776
315125.188035292 2078.82405585799 -7631.68445788324 2018.54584272951
-9 -9 5000 0
312748.431541180 2230.33555607332 8592.31928829104 1011.72015070915
309320.887152550 2329.68107664387 -6057.66254942864 -6855.51205184311
313668.275967222 2192.32470072703 -2853.94485108554 7965.80636873841
275801.167189084 2774.67310157445 -6532.9401474446 -9309.8945217207
293569.588976892 2586.87876996715 6695.56659180671 -8002.8721736744
291777.382710984 2608.69034105386 -5806.64816778153 8800.40970165282
314773.777289930 2124.27181700301 8120.82691118121 92.9713202640414
310235.447170300 2306.95791690989 -8915.24990089238 1464.83515854925
312687.502136745 1867.42589218787 6722.6828681305 1245.74247747660
312659.185800923 2233.60516329259 -5523.64714443684 6680.11929374188
304144.13864143 2433.72492506256 9284.84493400902 -2697.02738150954
281228.875729119 2722.89052374445 8915.31293280423 -6636.88573986292
314300.268546063 1508.32236558998 5021.40402328223 450.945072807372
309072.864848151 1764.46809514290 -5431.31853453815 3236.16564273834
252714.854599632 1137.32886243826 303.121232427657 3172.19474352896
299501.191285803 1592.66994100982 -2811.14268116653 -4684.62024349719
306707.320509474 2386.25743095681 -1762.01043650508 -9265.23052155972
292748.102272101 2596.98443278151 4905.94801027328 9266.35132636875
303334.805901909 1652.46267935214 -5190.89784473181 -2501.76642555743
283918.431092557 2695.69413716241 7822.73833174258 -7702.69975997508
302660.334520168 2458.69166013564 7382.53779709339 6435.0571995601
311979.945467229 2256.80278956117 -2060.26524771005 -8538.9816807583
310207.977105365 1792.33036928047 6113.57712652534 2092.15661510825
259573.0919649 1188.88128549659 -975.366430357099 3303.42185683548
163523.459775542 627.963712490862 271.256966516376 -579.471699893475
309528.510353928 1775.31254982989 -3595.38688790053 -5266.28385297954
276391.266672582 2769.22396444518 -8559.27974451333 7448.03096633404
269259.575568239 1267.45778020811 -2868.07545926422 -2549.29976072162
193784.735312101 777.71719764355 313.769597560167 1352.67131496221
307596.248946001 1731.85430897153 -2038.10501843691 -5812.29334231466
314044.75635692 1926.56344987108 -996.384606696665 7062.8818217665
298020.842811427 1571.57679559379 -3314.28933888674 -4209.79891438037
274332.518904041 1311.93964929726 -2544.73805427551 -3163.14054187387
312578.761768991 1863.49751633436 570.792024955153 6793.55086758733
212098.893404306 3222.39701236793 -9695.61128877103 -9554.12262119353
301257.025037982 1619.02474994468 -2226.86423454434 -5132.88276270032
156926.529737451 597.365747971182 105.711924843490 -475.212805904448
296530.86654902 1551.24644093527 1417.02178865671 5061.62288598716
275135.185655217 2780.77414974152 -9840.14787245542 -5763.65837827325
153340.259260885 580.999247837202 -365.248061716557 -174.973732791841
312187.784057937 2249.99053117795 8711.1540324986 -823.083776049316
266633.194069029 1245.39404318245 143.518950790167 -3724.20586179942
266656.139258761 2854.41581901600 9875.84641203284 -6406.98867384344
293988.147953211 2581.65592942290 -6229.08118646592 -8338.51502276957
270563.57797562 2821.35311433333 -8646.83226216584 -7742.69325658679
252282.130563009 1134.17345574619 2103.8178447634 -2372.41433467716
226256.909892192 961.08255526994 2250.41219033301 -500.572714954615
314209.276182481 2164.20588528435 -7455.30725456774 3695.66292501986
311808.860001593 1837.75360235781 2959.48977582157 5998.41960705817
314495.797173214 1953.9650878214 -3716.61798562855 6247.96868301928
314466.027202347 2148.07974970418 -3695.93502953649 -7365.06862100214
312926.590706490 2223.62447191221 8155.43653443456 2785.83702631295
285728.121399802 1423.26902528333 -4451.7965381965 -1221.53588104993
300988.003786466 2485.11678453084 -9214.3722390756 -3689.52035438269
261638.40096328 1205.02190137479 2324.65628534555 -2649.97550752014
313484.829738448 1899.32727468440 -840.027895756066 6946.02574687451
311036.28723889 1814.73524811085 1805.55976927280 6320.8522554487
305569.035536611 2408.11477607772 5713.98163214326 7640.22014569491
265156.724478768 1233.25217664829 -2780.48945590854 2389.63328767568
312291.61153011 2246.4989726823 7984.61775295436 -3535.86564771831
292493.521668873 2600.07851962094 -4675.29612127692 9402.11948938668
289394.484304747 2636.43573896609 7811.21618114412 -7286.55223269016
314274.395466838 1939.66085414131 7001.49545446038 1671.71940673143
311533.097301794 1581.15148019826 5380.81027567387 -518.74257158488
314580.488957303 2139.96377364969 2986.84991896152 7636.47543266416
310853.381092959 2290.39187193806 8467.19945315272 -2905.87504860014
314974.25162354 1996.67728733336 -6128.11479251832 -4295.02987768501
311924.609149167 2258.57902901405 3583.14073178917 -8029.70158401877
240540.989960793 1052.35938308288 1127.86679994315 -2520.99954057485
313460.347827504 2201.75208609201 -1547.24786058068 -8366.90074764192
311730.280272625 2264.70040296111 -7851.0914137587 4026.72961819917
308072.69696301 1741.99993426430 5293.69623865932 -3246.67153414339
311563.963332525 1830.19594582221 5235.93608755618 -4101.2808540836
229933.085266319 983.82668867467 -633.308882825077 -2334.76475812495
295104.846477574 2567.46373170721 5240.88816717267 8910.28889920563
302429.313149689 1637.55708515705 -4318.60643904656 -3701.42424944788
293045.600715377 2593.34641233285 8568.3967685327 -6011.24420296401
299889.357904522 2501.63616766122 8939.35658968985 4500.17638038844
272440.094275451 1295.03946483233 -3858.59630536288 -955.734439194202
312890.798640697 2224.99338499129 6752.21765879542 -5366.34057294577
228996.508737639 3122.01362716688 9806.51022866368 -8700.9334936738
243459.922788082 1072.05946184908 1109.69711095095 -2636.26118190587
303921.089536741 2437.58070924233 -9062.82446347177 -3423.54901600629
265984.154848549 2859.96580299377 -7071.98813091964 9445.78999653459
303596.235404223 1656.87127475805 -3228.49510237575 -4799.54143986106
313796.84092001 1913.83054282793 6853.91974635422 -1731.09913244843
223288.574676255 943.05871686137 2207.92145468295 180.578278377652
303548.576087464 2443.93610162962 -2425.36266800016 -9412.21573855728
308964.791810960 2338.04416765581 8654.24021147192 3092.61789079756
314902.577276021 1988.36421775414 4012.41056621075 6267.4765707925
315024.852225928 2096.56862664534 4481.28021322191 -6606.35392181575
313379.57456189 1894.73998419382 -3790.96526652575 5853.29590365291
306080.379442847 2398.46559958677 -4187.24476359785 -8518.87739729136
310683.849463512 2295.04830915523 247.483924031258 -8971.82882763445
276089.520887198 1327.98449589314 -3350.30796937644 -2431.95284623653
296505.873928318 1550.91248500646 -5017.96615775675 -1558.98746568710
302205.470752485 2466.04533803445 -9741.17917008698 1320.14588452876
307259.106184584 2375.13369179290 9372.19735700637 -255.099497735500
299782.302871171 2503.21366747307 7689.99952357262 -6417.59552061558
313161.904264253 1885.65906431054 -662.988475523889 -6896.50073181838
312163.408145973 2250.80145597172 8670.4349052161 -1206.73195458949
315174.710231102 2063.05872321384 7801.88074801117 -457.680127583444
272339.34256221 2805.84969791434 -7252.6518208906 -8962.28834055364
281270.217450955 2722.48080566457 -7725.65885912627 7987.4725965783
302504.705577761 2461.22247704844 -9287.02696226537 3148.16935919225
299381.157052496 1590.92349297743 3345.70440929383 -4308.02898015827
304102.926090702 2434.44026686943 1458.01313221455 9561.67748663574
313196.355575546 2212.93738774774 7744.17624808848 -3658.08646660298
211546.032299249 874.46342634097 -1833.64513795823 378.572251647711
306049.814413073 2399.04986438287 9413.46276551485 1243.57486609370
257837.852413103 1175.55047725710 2662.30558510870 2078.78333516419
294173.024882169 1520.66739985990 -4879.33868542314 1495.36033160985
312403.773108901 2242.65606283733 2465.49358591437 -8357.18823596835
307871.809867248 2362.31800316883 456.625577062368 9300.38718041033
260266.231777074 1194.2643069816 -3330.86439874023 -977.453608065844
249369.837243578 1113.21355862059 -418.002395890653 -3037.44065109640
303856.543685974 1661.31064135953 2719.00851279497 -5130.59965800494
297097.018226483 2541.1277060469 -3765.94835892320 -9485.3935483843
306556.01382379 1710.75601353971 -4172.74860665202 4385.93458384275
315187.205928514 2048.01986032091 5415.43066501617 -5530.12187127024
310955.408884822 1812.4544642901 2307.04833753407 6143.3660145849
297212.182669656 1454.67244938469 4708.79636239260 782.447415404022
270080.429560462 1274.48236263738 -3392.72764977068 1866.80806335062
315036.471008219 2094.87449041954 -5918.65117195994 -5344.17293034494
314925.437841672 1990.88856192714 -5239.9761043489 5302.0154684782
303386.20169408 2446.67448125502 -9690.9313229844 -907.95841999352
254924.391676964 1153.61386056353 -2953.53858266026 -1398.88770412654
314830.170184626 2119.0246154522 -6979.08887639642 4101.62603016943
304231.471298767 1667.79536543481 1970.45624256134 5496.44908867776
173935.248459578 677.6431390224 -810.536202043295 -363.260493613780
268576.849209416 1261.66292496518 2827.13153399527 -2551.58530548215
277485.731248624 1340.99347674485 -2882.04511161894 3061.95471435785
282118.836994407 2714.01468864871 -8123.80455434322 7519.99505329877
308658.871632265 1754.96037853117 4749.75767079741 -4100.35862587392
310164.404020415 1791.20546168605 3072.72101286799 5677.9110757634
263456.596196787 1219.49088864550 -1921.04087211192 -3041.59176070243
314805.36616712 1978.61990633422 6961.4106696099 2489.31359499693
287139.564369144 2661.53288961272 8721.37776110321 -6383.03852174431
315057.488314116 2091.63519118637 -6996.25296052545 3792.75744780898
311579.274251756 2269.33918173288 -7681.23858608305 -4388.91812227666
253258.800756241 2958.68916022850 -9175.57348497212 8181.5439183265
311244.842890969 2279.27878544198 -4196.70151546597 7844.33051943779
301007.669204644 2484.81537530858 6485.50393991172 -7511.69358380139
160219.561963180 612.558114627147 554.44014724344 96.588572487235
314630.567480889 2136.17288971298 -7120.46960368752 -4028.08338403702
305648.299592635 1693.36385662013 4188.0141524598 -4250.11409446597
301675.490402265 2474.45273938308 -2693.4305857867 9497.73774016649
305385.186432183 1688.4788882547 -5019.83898691833 -3180.13651296496
211438.332337512 873.852800241466 1748.44515044242 661.125904880464
298457.674487167 1577.70312284422 -4447.72056303918 3042.01944731176
314851.232565715 2116.95943391685 -6846.22562956065 4300.36508943886
292958.8608509 2594.40963926196 -7016.33794233203 -7773.98194652051
305158.87207232 1684.32932981201 -2080.47591615468 5544.14276499301
286203.359204805 2671.65521843109 -7975.66819936037 -7368.23428422213
315177.516911163 2038.46276241194 7132.12285656482 -2881.75560068339
298486.885538364 2521.88437088812 -9379.02965117246 -3772.82560337335
314273.2704225 1939.59290013772 -5421.92110326141 -4734.28606055677
268781.507585649 2836.60445302876 9226.04829072952 -7167.49901883304
283372.724554537 2701.30408100941 8314.71857149154 7211.7228526622
314119.289534875 2169.34322855390 -1908.65176729858 8125.5595991388
187139.638697867 743.361252158128 -932.02808406204 -782.266659662127
259784.081763404 2909.48370732354 -8262.6693462953 8767.47333444655
288739.278719191 1456.16252188769 -4056.06257729232 2530.71641549468
306828.464568667 1716.15302045532 -5645.75084485114 -2258.58398713171
230696.186026347 988.60900089456 1811.36865634471 -1639.33293893933
314096.574077636 1929.39453177879 -4270.99595312029 -5730.42858392
314325.761706598 1942.80931051611 4673.93579427153 5495.16076687723
291012.683254735 2617.74192194770 -9484.90746784955 -4707.15429168195
310054.373278625 1459.99235090889 -4774.52670689672 493.485126644373
293401.212264232 2588.96552438622 -7106.97339847684 -7654.10694759339
294884.709653428 2570.29210188858 -7873.529586941 6720.13887669891
242792.140592888 3032.48229437558 -9316.53073988855 8575.48361644149
302903.735909898 2454.70176822119 472.429362125695 -9762.08407897502
300590.810710797 2491.16042870597 9541.1334745586 -2843.37270539254
299301.683448053 2510.22916830563 5568.25686246157 8367.79829114676
303023.684908116 1647.27900324775 -2024.18538276106 5367.39241331816
285581.919194581 2678.28423297548 8695.25585323572 -6558.62642917782
261354.827034559 1202.78752790546 -264.069875702262 3504.00126073509
315187.487637124 2050.40600288706 -1237.16959729791 -7652.67147682607
301972.630302890 1630.24023224215 -1653.97933218628 -5403.74193806201
315112.993715791 2081.51852031397 -7357.7419994399 -2897.18025363982
237796.682274039 1034.18625246580 1682.11531359702 2074.69561137259
309370.359254898 2328.49932962462 7498.5862383619 -5230.33931851387
226602.762802294 963.202029214838 -576.744447462261 -2243.04900504649
289027.342494681 2640.59470034103 7394.7238875553 -7737.68055718392
234881.701772132 3084.76759534283 -9495.4655598849 -8767.08171796054
274438.474405013 1312.89733329305 3862.04161681235 -1266.76217652857
295145.313867146 2566.94211323712 9832.84797985107 3181.40583578497
305775.333728671 2404.2535113226 277.177942916751 -9517.2321749851
310252.190455251 2306.52315151526 3799.79704041034 -8194.49143484235
235570.094229787 1019.67703593994 -2364.69011288136 -1076.96156483144
310091.998301318 1789.34693048211 6444.12768539041 -183.319537900388
304616.107838634 2425.43560764114 7774.9403193593 5677.39905323833
286225.977184255 2671.41261456721 8586.41881495714 -6644.48873139918
315101.496366838 2083.86318220167 -3366.61351844668 -7168.08746568859
304360.382249943 1670.05056915327 1805.78670930117 -5564.58378676325
315135.253030482 2076.39367841447 7866.64702463895 491.213114000857
310849.417437472 1809.49823112146 -472.719273529947 6530.4040396586
297184.766695555 1405.54757710621 -4490.32275006175 580.871724523604
266684.544871413 2854.18037055201 6765.75330551714 9632.17071257532
314193.599435736 1934.88263587312 5944.20198816806 4017.29600504041
314102.440042451 2170.28078026291 -7118.16139053553 -4367.80557502061
300805.244541144 1612.09201181289 -1139.95257299393 5442.3546558246
300832.562870366 2487.49189904324 2539.07218575478 9607.6122764498
-9 -9 0 -5000
257943.446669737 2923.64411770669 -7356.8926146254 9629.50680404902
311477.122195297 2272.42235513254 -7263.1485434249 5077.76509504765
292186.102761229 2603.79174471722 -8610.80578528345 -6041.73123836517
307773.544513169 2364.408555584 2907.64080360532 8856.98066558689
307550.754909731 1494.27466281815 4957.56533928216 -370.268193073571
313904.377202384 2180.79871546851 5635.40117349476 6234.52978674322
279543.212099623 2739.38898453996 -6398.76452740282 9188.4377412498
307726.52352713 2365.40400489679 -8918.74811146408 2729.32861000299
313455.511170729 2201.96441817177 7563.56883328408 -3899.93570744991
241256.371802486 3042.8486168429 9164.62197899818 -8812.5865207985
308376.234471866 2351.35838084987 4554.4666191563 8058.84794332087
299682.426436232 2504.68045282767 -6368.85548010468 7739.91426452994
312513.552766441 2238.81903977298 5208.61164201051 6961.15335915238
310330.525504013 2304.47919354339 952.006867155433 -8972.02942054719
291524.959502519 2611.69434745813 -9125.4725959152 5311.03335786611
315187.28290779 2051.70134147148 -5649.58561677486 5317.57545191795
315098.666569983 2015.58422260714 6429.83363009989 4010.25284547359
289822.716365323 1468.45282639409 2761.59444823861 3977.57690399885
278507.299891755 1350.66507682184 2996.64488993585 3018.42611748725
313924.196448756 1920.21538091933 -3444.35382634401 6209.80836451054
314467.314593635 2147.99220420453 7996.64901569486 -1987.60211002082
238977.784385617 3058.03251015287 9672.36182186753 -8368.61248128116
311474.329125985 1827.49394393214 4035.2130914107 -5270.01514099538
301918.68307676 2470.61569035943 -1156.13244939595 -9785.0147029385
313471.124081142 2201.27793048375 7881.48742169142 3200.12826938182
310807.839315644 1808.34844136358 5320.49342058599 -3806.1451446265
265419.412368738 2864.6008235634 -8318.9389994368 8401.11184865236
305925.469898018 1698.58324642513 -4816.52163434774 -3565.97312260419
309638.544836548 2322.00380299919 7219.83870957047 5555.75156584382
315165.183526488 2032.75027593952 -5069.80520207435 5747.18717485666
314732.628399007 2127.87781892106 7774.10496026278 2411.00537125021
269153.426197676 2833.44601007195 -9861.20449844748 6235.4553071782
282127.853564991 2713.92415666258 -7621.38975784183 8028.13318558037
311025.765377593 2285.56271981241 -8919.1696466878 -392.770254984498
285550.733924506 1421.38495006357 -3459.03248526156 3042.83583536744
233211.649865005 3095.47182416996 9655.29239736497 -8671.05405777693
312314.099598751 2245.73452774099 -6596.9656361267 5715.74758272618
299696.508672517 2504.47392778147 9997.75083269924 -702.048051171005
299516.401558772 2507.10827953164 6730.88353127241 -7443.6078639701
247166.812491333 3002.33528765638 -8723.37481938303 -8969.10135168582
274722.155997035 2784.5324499568 6281.03137481958 9540.74723180383
235051.914459999 1016.32961062693 812.020557932556 -2450.61814319342
312355.136738163 2244.33178713521 -4188.49123176187 -7650.08992049843
313485.718159931 2200.63341108216 8470.5691318959 743.847130797803
291491.544757008 2612.09080218996 -8442.88962893188 6343.56395341456
297799.039582782 2531.50403829692 9674.64352492243 -3094.59029696882
301028.979940908 1615.51148754593 5323.37326556444 1664.58524763584
312868.823763986 2225.82856180624 -5113.22093196213 -6951.04864891618
314654.557945675 1965.70353472613 7074.8827047646 1911.33618354797
315155.023923457 2029.19100305374 4642.8301371634 6074.92851093411
273643.988244381 1305.74635367039 3694.33072861284 -1607.04702138901
180692.616658336 710.871510562866 1024.71008431166 -248.272214084864
258687.250458424 1182.05031219872 2682.44958017021 -2105.77300749719
314177.105990851 1933.93139906940 -6776.33446641266 -2342.06588938832
205485.858942701 3259.41661450083 -9882.08897877485 9628.28223127872
287389.045684683 1441.19292256286 -2142.03353505582 4190.20229484886
315149.855637374 2027.59632094924 4735.50961352885 -5992.80499387532
265300.97929012 1234.43049991735 -1461.84667013586 -3368.63596923649
309683.802131305 1779.10769990774 6339.5473966375 -844.423770904541
170616.666798556 661.61564782925 765.77846892178 258.018947206438
309316.140400619 2329.79420054463 643.254751339555 -9126.32969673723
307049.946010913 2379.39447453546 -9134.23154968768 -2206.55926037580
330285.893738567 1686.98999510154 354.680842719972 5924.34238642454
309902.391700938 1784.54169695758 6337.21564430743 1044.45304255933
264668.261101953 1229.27480118254 -1159.17961113155 -3457.21651334316
299291.474775787 2510.37702265589 -6915.00001586974 7295.42110580951
263482.027218825 2880.30494623903 9848.97447749972 -6681.61602225155
306424.183918889 2391.82483001505 6427.31356900185 6940.0770869106
271288.451581047 1284.93748909907 2895.57606447488 2649.30383302271
295951.994178679 1543.56796018524 -4849.65180978179 1925.28686486185
314481.813638237 1952.99921912594 -5542.65133105218 -4696.72061037272
200943.859384660 815.80044500986 1531.03407006711 386.241767555475
305513.893305878 1690.86016290547 -5936.43617350608 460.894508287311
292687.565119937 2597.72176488997 9746.08472082764 -3876.17694213986
315182.648621168 2041.95729827126 -4402.39786636084 -6329.2733207345
300184.729220847 1602.74510207037 -1518.52287817746 -5300.49594584852
260482.719964775 1195.95253812430 -1317.06817075610 -3220.88183835149
314436.010307211 2150.09926358632 7135.21793950349 4142.38511584699
279084.052811020 2743.81502999940 -9797.14066255838 -5466.59693587571
300666.388351722 2490.01684283337 7294.42451614887 -6767.24071148783
315187.468512588 2050.64794456414 -7729.82035763562 602.165623567998
288419.226705164 2647.41971058697 4266.84038247913 -9852.88579482585
304112.780553586 2434.26934037493 -6392.84900389612 7257.16395303607
307492.768730034 2370.30675442905 3183.97475406528 -8792.80891735107
314544.322592585 1957.39493121035 4921.15835193545 -5374.21623244882
312965.666287614 2222.11754558580 3910.66542826593 7671.3047735393
289617.156253211 1466.10110753329 4379.94874082506 2037.11383510381
241935.199483642 1061.72000919876 -1734.69440080225 -2208.86159688234
310367.81983495 1796.49969980163 -2295.04799935967 -6062.63486202806
310249.725276898 1793.4127900537 2676.80912744254 -5887.07134593278
314595.462238515 2138.84726681105 1964.52031377703 7955.26046305895
314674.18196391 1967.27007505626 2841.93865023553 6763.53617105633
291516.949868166 2611.78940457357 8082.6439615339 6794.27912458777
314336.577763656 2156.51586650784 717.8999716416 -8251.40836648643
244438.689334175 3021.24532201928 -8556.05192948133 9258.0194817856
189672.140288411 756.346982576915 -967.381857335567 -840.842868201435
314324.864050415 2157.24650419076 8163.3829465136 -1421.55839130282
277898.184968745 1344.88237358339 -3338.95391784608 -2587.86444086581
306046.762797298 1700.89185624505 1144.47645377368 -5894.37909424305
312720.164307551 2231.37753232596 6628.58771160245 5568.08126159012
309011.411390386 2336.96314768309 1607.72562492639 -9043.0115815252
287808.263843374 2654.1990417804 4170.85197288543 9930.67629169673
315183.062302562 2057.69215829104 4156.54524229467 6586.59647684544
285611.009285507 2677.97548481336 6030.94009216875 9067.36962497234
313505.552135682 2199.75303510862 7522.36008178443 -3955.13695199043
313592.593628826 2195.82667205389 -8310.71107182652 -1681.60162400454
245987.554313999 1089.44498206505 2338.08767981827 -1794.29113399237
294887.855266772 1529.74820540783 -2012.79145199805 -4739.00883458555
206151.42602244 844.257772282649 345.468106679618 1686.26425322145
312096.961585592 2252.99551438090 -5840.96633363515 -6535.13153083622
309975.661019954 1786.38818994474 526.781403459609 6410.3327319026
218170.188432239 912.650381704545 -1344.20098736882 -1565.28979539871
313599.626966275 1904.4952219009 -7021.96995262057 84.3130657449365
295485.790930137 2562.53239338099 6447.80749920756 -8048.40203374624
288812.538464098 2643.0144634088 9736.16488277912 4474.35672860593
308228.095843517 1745.38211572567 -883.181057870388 -6163.96029945463
307875.485091731 1737.76045716429 -1848.12879189849 5906.41123708338
304280.401419742 1494.42019809877 513.106831349432 4945.55453304201
302483.161508155 2461.57159752741 688.53568751365 -9783.6596891284
146269.890806701 549.255255133642 149.564063176513 195.659385062754
307109.641287548 1721.81593147641 -5395.49154695123 2865.22690672427
314170.773798355 1933.56826310981 -4734.05453376472 -5382.06993602216
209856.023802461 864.917858275701 -1039.44011963904 1499.56337641925
224711.341764989 3148.339099034 -8773.54893833399 -9918.03098469973
308601.243028475 2346.33892694065 1933.09048656374 -9027.03423053026
313964.627298243 1922.30908663196 -4600.84752179682 5422.75580577552
283264.86025004 2702.4072322301 9785.61795782298 5050.40806252509
253049.658763140 1139.77774701735 -2740.14471098781 -1650.60476865619
297626.802311628 1441.53326525570 -277.993096970022 4699.45125281811
306775.264344771 2384.9076620051 -3697.43329007179 -8668.96241903305
315165.819980864 2067.00196817464 -2008.66024941206 -7573.15411232412
303655.326217224 1657.87461558364 -2507.72685743868 -5218.0596627295
305897.612659691 2401.94483166748 7410.46571638435 -5959.8533064127
304493.065031456 1672.38582356161 4209.64073389769 4079.35508061200
296543.407533552 2548.58589987348 -8297.28062264621 -6006.05852436274
297544.933870591 2535.00949996757 8454.64356709272 -5661.32438369095
314911.608497891 2110.65107881523 -2739.73653092980 -7572.89681583643
312552.791231940 1862.57147964945 5263.79560586065 -4325.21464768797
149878.696945687 565.372984868756 -153.007572516799 -288.841412402689
315030.548837773 2095.74584312288 -7885.41822694242 -1216.67550411075
310219.808033812 2307.36334797812 3401.98797173798 8372.00899608433
243878.771502482 3025.08104618723 7915.83511047065 9835.6703761965
309377.748942305 1771.67761959208 -6065.41815213859 -1907.82647114247
289779.514155908 1467.95778109497 1507.18468707055 -4599.12502206862
292884.987720792 2595.31351568564 4561.60220783204 -9431.3442055136
288123.536355928 2650.71028673365 -7604.23813015223 7603.58013678342
308637.240128486 1754.47200084112 1865.31368177384 -5988.58120851219
312876.189607431 2225.54905838803 8019.87268030643 3181.13674875349
220407.439620792 925.840697058715 1177.89775598794 1773.71484693140
309582.133563418 2323.38291672017 -8021.82720974088 4332.25342538208
313221.711477929 2211.8966140091 7982.21259377897 -3090.15089180321
208515.431650049 3242.59978394515 9818.71619354934 9572.83404655755
312489.240605379 2239.67549111123 -1967.54002012312 -8472.93081693351
327289.577541335 1667.96727797776 187.600310891867 5836.82235330343
313100.266312643 1542.4666469201 -540.307979099452 -5184.25356596708
232637.890973320 1000.87586354661 -2497.39342834800 186.927341856062
272826.695323890 1298.46109281369 3796.34013399482 1235.43696943671
260079.985941628 2907.18542574616 -7697.0437169075 -9253.05678509176
314325.101412722 2157.23174823894 -6349.02391582727 -5324.50204249471
312250.328420817 1852.10536206748 5213.8673234731 4303.52300871164
310167.530099999 1791.28600347098 4263.91302607954 4848.14750961959
302776.165948851 2456.79780483101 9143.41039024293 3482.02350083739
272438.607779927 1295.02633847201 -2020.69551218301 3423.22386335582
181631.717834257 715.554886025691 509.210675954819 949.895894154906
305556.492119483 2408.34820832103 9195.45272365212 2547.24779166281
314478.030274902 1952.73954382871 -4509.38954018056 5694.445585832
308295.553597575 1746.86204675263 -5916.00610874593 1966.59497916698
178856.2394019 701.76035464462 -984.404715709388 220.518419519067
315001.556204644 2099.79207371400 -7681.39622639865 -2231.48358520120
311313.845159055 2277.26357211970 -7727.29447111487 -4388.11636995524
307091.350629775 2378.55541126219 3244.28067542613 -8814.69816435128
313903.810089864 1919.17238262326 7087.3252954334 -347.960409708321
313379.168414809 2205.27745426348 899.927266873419 -8478.7623398006
308647.429925445 2345.29804321634 -7710.64823959023 -5066.95425603539
266806.705467597 2853.16701901412 8190.32641593367 -8447.09587283432
314581.577240377 1960.11690855171 1612.96946927905 7120.17304264009
302635.842966063 1640.90902342003 3111.09892092645 4781.51633869857
312164.095162323 2250.77864553374 7824.45680350065 3925.36907456815
267135.305564362 2850.43483545415 8946.42796367407 -7620.69711927325
247477.200890283 1099.84001971796 1407.13708009571 -2648.61595351249
298723.864610845 1581.47557318527 3279.52559571713 4299.35428313911
281579.644689203 2719.40625742317 -8395.3311201185 7256.89456798136
309766.973951961 1781.16235263542 6256.87634572387 1373.28902259469
264211.204300818 1225.57053506333 3315.28415437788 1473.16190879792
234849.202387319 3084.97695699103 9500.0403514132 8763.66818323731
291660.807455777 1389.21496682129 343.137537129223 -4432.81378597021
292520.029044473 1500.24282990243 3893.30972451717 -3139.15312755853
289805.021522585 2631.74998613282 -8038.45379501581 6999.44359716028
304566.444215068 2426.31645875836 6963.18560745567 6654.42887693644
247071.197906431 1096.99561320654 -2483.60203579068 1655.84268048406
262779.415114069 1214.07269147028 -746.820992790163 3491.38276651502
303307.527558390 2447.99451322198 7406.6049978137 -6325.28797723353
297850.083402750 2530.79679140984 4801.00308079273 8947.27665930986
284159.905700717 2693.19612663928 9996.32721301168 -4508.4557775408
310566.562281286 1801.78134051569 1724.69670884311 -6276.247901842
307492.466869372 1729.68696289144 3841.87296964228 -4800.33985804766
313835.123387722 1915.71787846587 -3545.23606132716 -6126.80414691567
304656.487884281 2424.71788705138 -1535.63149273396 -9500.27944520116
285783.142429409 2676.14543114297 5939.42817300558 9116.65598861873
314939.022922535 1992.44109365590 -7070.34626509994 -2386.36001944542
284210.662353411 2692.66982343543 8286.73510812223 -7178.09481080621
285674.251269282 1422.69625931592 4203.58417090029 1901.07595641166
295641.618892752 1539.49853271843 -1729.63215503842 4901.25520620495
299627.907972435 2505.47911810994 7227.64879465103 6950.52193943411
249991.639276508 2982.35086902941 -7525.89660696685 9869.77842636406
297663.931011099 1566.62893495920 -3441.01657159626 -4074.53519757837
313029.275960998 1880.36415319860 -5267.54362974316 -4459.60917510092
250175.430406806 1118.96423560857 1177.76837665588 -2861.95383872837
234185.646246598 3089.24237630691 -9724.70947075635 -8546.01824190468
300471.385444670 2492.96146642538 5956.50862436742 -7988.57873305678
313403.153320136 1895.75574868136 6977.82680392265 -115.264235064387
283558.016366933 2699.40468772630 6075.86397789419 -9166.15521535277
312062.291028808 2254.13097008838 -6853.20853255689 -5473.38280361146
314556.054471332 1958.24339960762 -4170.42238637805 5980.75433634222
314256.719720878 1938.59800844853 -6671.63076344877 -2688.57744988054
315143.745046976 2074.15366170293 7137.46468070894 -3317.46766343713
303792.129180181 2439.79260844401 8158.7630463764 -5244.47038769722
300257.625679198 2496.16699894101 -9152.13975124061 3981.88462480903
266084.750675983 1240.86260479432 -3366.16647895426 -1546.24002519995
305385.630588723 2411.51292113886 -9503.8316352293 1012.04023696482
264880.427961054 2868.999975897 -7984.17969141155 -8749.67981129885
296537.695040991 2548.66227661626 9620.47283072025 3517.37552788109
315069.972332548 2010.41419994459 915.418835356832 -7496.38477806002
302775.191785332 1521.45645785736 966.313499957323 -5015.03445673734
315109.404269311 2017.7311851909 2994.22523938119 6972.97024074942
310247.358425053 2306.64869828742 -8509.41450335085 -3031.39452822506
309309.698104582 2329.94765928457 -6248.06933570653 -6684.26065240055
273725.381070182 1306.47578896341 -2372.55576997995 3260.53048949689
315087.125976126 2086.5830605379 -5491.26767087728 5725.13096500188
314275.155132337 2160.29323748763 -2191.70428812504 8006.92033022642
313064.95945851 1881.77235496743 -5207.62340165675 4540.15743453056
269427.127319288 1268.88649838228 369.778345339 3826.60752627999
290716.703691947 2621.20686629921 8547.85219300538 -6278.70903350413
193264.023220039 774.991624707452 1354.75505143404 234.837373718619
299292.795126213 2510.35790241632 -3141.06133300811 -9548.41380007565
309692.944038483 1779.33277598949 -5156.99822455645 3784.53142475337
252907.920290203 2961.25978520432 9887.34481390566 7327.03253626823
312857.158226739 2226.27031412997 -8579.42861504853 945.322471670806
311039.377286789 2285.17717330304 -8528.74692063779 -2632.85291381180
282694.802424286 2708.20662992421 -5934.46810729802 9310.55859196931
243925.279354259 1075.23698164979 2359.66898500919 1644.50658485293
307758.56451543 1735.27397132172 5799.57920592278 -2124.24707598984
225713.677340427 3142.23820759377 -9074.57855995744 9601.43700707704
311253.862022685 1609.67112514553 -5538.23215421289 335.014560259879
176130.693360228 688.349987993625 10.0645935162902 -941.696157678962
288578.862301249 2645.63565707851 -9541.54778737575 4904.35267332941
282875.303794708 2706.37587001446 -8979.02834229171 6409.32227484882
296574.432087370 1551.82910679660 -4824.02986381203 2094.59963254631
314805.738577998 1978.65469676737 -6337.67256978899 3807.15106148273
313206.181546134 1887.46514409245 1767.01385993510 6708.51326081902
289293.604071086 2637.58143752067 -9026.9279666245 5722.40609675646
297522.092121705 1427.26268786694 4569.15653776377 786.263849586248
236541.188271599 1025.97974155195 -640.66844061017 -2550.66876765341
317492.622292582 1635.30811997574 528.576858341694 -5651.87753643841
295305.494516539 2564.87222341679 6864.64583035558 7711.61916200072
314094.445235314 2170.72308614819 -1973.10169227421 -8117.25079547614
297868.666066926 2530.53905749098 9912.77711465955 -2194.09924000502
314932.420537782 2108.31860334611 6476.66222415864 -4766.55689999461
314469.457927772 2147.8462789092 2592.62207895517 -7820.69336622953
311075.869755783 2284.14042066579 -2580.14171384275 -8539.42590299994
312739.907889468 1869.34961535119 -5037.15767059475 -4637.34857738018
284400.168685936 1409.29901603464 4463.61411362886 -864.156559109688
311005.877704430 1813.87510944221 -313.574783504009 -6561.88737601042
291005.942157635 2617.82107325418 7189.18293714523 -7774.6254671365
303126.193723398 1648.979530421 -2638.09852767736 -5103.36018633097
276568.553179016 1332.42123014512 -3542.17655025423 -2185.43197028339
310237.966697883 2306.89254049418 8576.20934490114 -2840.80087207258
314930.423875149 2108.54640607829 -7325.70769265294 -3319.57004964352
312049.983711432 1845.46748299049 -4346.60828206688 5134.59493406117
309436.700786026 2326.90670423986 4375.01618172973 8018.66173744202
313911.064157846 1919.54255650958 -6896.79002854973 -1676.84645857662
305707.744841257 2405.52318553071 -2808.95014759153 9104.13446370512
225577.41205581 956.930389870252 -2196.19720708579 -629.565212875605
311247.219057455 2279.20968398811 8780.75798042119 -1427.57373861969
309246.051258545 2331.45926268775 -1937.69548088312 -8949.93921741843
305850.831439683 1697.17013428911 -5227.29362361133 -2916.47212114185
298463.21198284 1436.93948099884 4671.63052875549 349.654085002840
310000.555777697 1787.01852480188 2100.74267815799 6082.54036400467
304512.942168163 2427.26308825253 7907.18957781792 -5507.7153397724
306150.861877924 2397.11454635948 -5018.93969252706 8048.99586364627
296365.651577241 2550.95706300054 -2382.74421542883 9974.12411496043
310048.879864742 1788.24642287683 2755.69633580744 -5821.99354656041
313360.713672949 1893.93222296916 5053.25625184923 -4800.08096899837
296070.949875963 2554.86367960783 9974.20466504991 -2465.12876823545
300386.08405243 2494.24341597177 -8520.6418344751 -5179.17298246175
309685.502271834 2320.85045635716 -4469.04949378222 -7931.89802207053
314846.722600393 2117.40696300403 7972.24656213075 -1357.72488079965
314886.548145934 2113.34580797140 -4513.78409750760 -6685.64660474658
315076.165289952 2088.52872695329 7621.62906583399 2235.25351844728
290388.858473250 2625.02048110481 -5755.23763895035 -8931.40755128115
303830.652466364 2439.13318257612 9430.52273243666 2251.92772690207
267987.290252923 2843.30708427508 7117.75355506688 9306.70653935522
289563.028569169 2634.51656869395 -8220.9617830813 -6805.86599279195
276649.070765682 2766.83033077866 7760.63021738082 -8260.48499438912
304253.664459367 2431.8173305065 7555.62820937485 6017.51089096069
308866.087145057 1759.68034043046 -5339.703601785 -3340.27385804802
305340.480527128 2412.34457767658 -1573.50889407098 -9431.36333487928
304274.567119089 2431.4521880203 8178.58004011214 -5135.51529962569
313394.794314111 2204.60511789239 -6744.26625482738 5211.22230216861
253069.496204826 2960.07694762713 9538.52422069758 7766.3389313966
313001.087153989 2220.74006934563 4913.79153449088 -7062.45795823634
305979.718855791 1699.61390544698 155.552327632904 -5996.05216179043
300596.495809946 1608.92549094960 -3517.36783515662 4286.14245261997
291010.193718034 2617.77115439193 9903.17118354142 -3748.47529921681
294320.589513172 1522.52917316907 4573.62987101078 -2284.96335912496
313660.065512076 2192.70877048143 3846.59884963185 7538.91582600772
312574.592647868 2236.65145243231 6714.01116065681 5506.45174458623
299380.685746880 2509.08335122822 7901.1275805533 -6203.43298185617
266401.795397186 2856.52096151982 8214.05183058232 8447.4332537502
306298.773125987 1705.73795108933 5983.56780130416 -736.217722296715
303704.370554783 2441.29067533344 -621.290481649339 9686.54919415712
307523.821010408 2369.65979811027 -6603.93917001784 -6616.54603667557
287927.321577884 1447.11605957016 -2865.92074204236 3769.90968827158
250660.725957045 2977.5543041997 9921.04831151664 -7418.19948889315
315179.728060894 2039.82032148094 4954.18663136661 5893.40312406421
300111.750248309 2498.34138409165 -9499.26279019564 -3098.09838887304
311290.600144207 2277.94443345673 6496.45779747516 6068.21195222437
289044.235085108 1349.95037639809 4249.37041476369 56.9397630169988
290686.637135239 2621.55767121975 4863.5086370632 9427.16593388468
285729.749789642 2676.71365295865 -9545.50590831786 5228.32431364805
187130.640447162 743.315342541348 -570.387477055192 -1074.57760255784
313812.192286714 1914.58421001544 -253.20400018245 -7068.38736310601
313799.974197629 2186.01596976682 -2627.09276285022 8010.28275862336
314743.752198373 2126.9196811943 6430.23584969342 -4982.34464321285
245810.349461320 3011.78410979236 8265.45520219952 -9455.61926346272
271482.156526328 1286.62727781097 2567.17934738845 2979.79060560465
295998.169629192 2555.82382138195 -6369.89812366664 8067.50813499093
302203.325590580 2466.07971046295 3709.18783824891 -9103.7718160078
303098.742032914 1525.43274768067 -5102.17945091426 -505.542135797441
313741.905005154 2188.83299294935 -8224.86764751375 -1911.92942671478
256844.528377925 1168.01004070662 812.301910482347 -3239.76865969598
252612.430023408 1136.58100175519 -137.396296486259 3179.93813659996
295268.207825321 2565.35479267108 9735.66033877432 3443.71576327831
266221.440184173 1241.98960554684 -3536.17117740214 -1122.14427441359
292994.292047423 2593.97558710635 -7202.21475232393 7599.1082796827
302695.773645151 1641.88683995982 -3188.47491871566 4736.16580944508
311311.725681652 2277.32573745905 6859.65575277805 -5649.53912980855
310098.760177612 2310.48006506931 4058.95100906491 8091.40706900507
291846.360824830 2607.866640876 -8201.80150214583 -6618.76094993204
231012.647815204 990.59858294226 614.915834739804 -2374.66897815466
306024.7436157 2399.52837527732 -4622.72250559181 -8296.7245252803
301044.129442327 2484.25600065205 4923.90562780201 -8613.18467650563
315184.764904388 2043.96113077733 7588.81999645382 -1416.05451703072
269729.735032708 1271.47348606664 3022.06160966307 2397.17064891011
305025.997089917 2418.08518778643 5222.43486717343 8043.78292523324
307504.241342328 1729.93211849834 3033.11333991587 -5349.63072277606
302452.418022315 1527.35134094587 -5042.24280826747 980.844995938241
293889.312117974 1517.10616589510 3732.68842697144 -3453.93412280828
312288.752993151 2246.59593101415 1268.28850712627 8640.39223175496
247618.404537323 1100.83127272561 -2629.38126921654 1453.03461700678
314449.143906701 1950.77929696552 -2620.40382251143 6764.05928563327
294681.431178753 2572.89028576744 4876.78807228804 -9145.42462211102
314462.17791593 2148.3410449453 -7995.09229138494 2001.05078984052
308703.042763142 1755.96015605912 4954.92935646325 3858.05299505591
310522.811378777 1800.60904530643 -6488.86447306722 429.226127453148
305626.972788702 2407.03458677086 -7841.33532084525 -5425.21734721959
311205.077664255 2280.43212553070 -4513.62206600606 -7673.04891720414
288732.007664471 2643.91910038915 -9399.76289868355 -5153.07531226426
296010.905499127 2555.65593705435 3402.38062664866 -9698.80607910454
309033.230262727 1763.54419218612 -6315.51634054631 -166.887664236128
311428.563190650 1474.17159957515 4868.07173583657 164.727685041726
306669.922033533 1713.00191956101 -3042.79780015349 5246.49625644088
300715.647809833 1610.73011803423 3250.58193877339 4502.97145638615
256573.244113521 1165.96187196495 2316.58615637571 2391.87352359295
288555.814342328 1367.80191937619 4316.9855652377 -436.623306013644
287010.784291391 2662.93518644426 5739.72938582301 9165.84541089833
305400.096847939 1688.75394992589 -5447.09154870361 -2378.56942228973
286988.352661061 1436.82088164562 3651.37058310211 2933.99505317211
305328.636659592 2412.56242387407 7626.9571017474 5768.61343812197
310641.202518173 2296.20580772534 -6763.25123291463 5909.0875228867
232710.032355067 1001.33438666126 -473.40334393084 -2461.56321372837
259897.223612507 1191.39433663260 -3019.40754055977 1683.39874129742
301294.029294999 2480.40245824889 3220.76669428498 9363.57353348285
310733.111067015 1806.29556335633 -3574.48630500585 -5466.5574291721
305966.608343066 2400.63545469969 -6397.05722220242 -7027.66228467226
312821.512555635 1872.38665799495 -6538.05438429117 -2083.26026797295
326484.245267349 1657.29378541232 5786.33237630129 -39.7526705637574
306981.000821169 2380.78692394211 -9348.19308109581 -1022.38566614687
291577.159582842 2611.07445040337 -9801.87479872257 -3916.52062535286
212076.428640624 877.475251949165 1261.97680365294 1403.42569909990
314386.214932563 2153.36247336030 -5411.91283147782 -6249.11083374172
277118.581078805 2762.45040923277 6446.66296429932 9295.56792136282
315066.902190537 2009.90048887038 6804.25120983273 -3270.65018471330
268471.601864921 2839.22660991698 7016.24611858279 9357.98155143857
285575.968849179 1421.65263162461 -2847.68579062074 3623.08914773166
257488.696837007 2927.10739109106 -7718.6827082187 -9364.46445062757
292442.728912048 1391.47257417636 -4456.54005277902 -85.6418162584305
314290.225499598 2159.37851711083 -45.0797332450747 8296.77011817694
312452.080869324 1859.02289384411 4579.29125055671 5020.32591495663
294359.520632956 1369.56262195555 695.151053369045 -4291.88115522265
313843.843804477 1916.15151872243 5198.95014353096 4807.08284769207
320292.729134798 1575.16435151776 5367.55869630724 -297.948336228728
305321.088370177 2412.70119253224 -2030.71790747344 -9345.41765134782
261558.975179477 2895.60451607532 -8323.95983859897 -8613.05506434292
309474.424627300 2325.99698966232 6672.38388210535 -6231.84711672366
315092.892168262 2085.51672502505 -6285.30430607498 4831.30747452378
308271.648267738 2353.66322864344 7815.29042404145 4982.26050287485
244642.345785049 1080.15359143865 -2888.62617220730 -265.129362232983
260817.451508747 2901.43054906632 -9851.74568835646 -6864.02388848364
315103.115792632 2083.54284968382 -7653.20748090744 2029.43691052496
277403.043068746 2759.78360017923 9930.7931540534 -5389.33162111789
314587.890222319 1960.58637108504 3634.81622189283 6334.10804439336
302414.509387151 1637.31786868747 2466.83878824115 5123.67102317512
252422.870324115 2964.80146972543 -9973.128689453 -7240.01804366708
301727.329953956 2473.63773904982 -9325.26867371053 3228.08182798326
307853.082454091 2362.71749862369 -9267.92550366372 921.123689040542
301627.648423732 1624.79649458535 4467.03764609993 -3416.83384496719
266465.887264596 2855.99100685971 6525.04578698426 -9807.70707596093
303057.552693629 2452.15995667348 -685.642575845122 -9736.68869119138
312473.535569447 2240.22668689586 1006.55511487275 8642.71773491055
301183.152418354 1617.88354067225 -3690.35856798291 -4197.95711059123
315074.304018347 2011.15055012778 -1423.81163313985 7420.3881341964
315035.425406691 2095.02955967055 -1406.56949020922 7850.13023298234
276228.213542593 2770.73375997343 9201.824455522 6650.73093026876
289051.444008464 1459.67742161271 -3431.95361550897 -3353.53741887957
311138.893320474 1817.66097531047 -451.650829054415 6572.80554063618
313788.562331269 1913.42583608256 5418.43724437058 -4537.05330379307
296889.12469308 2543.94163362244 9514.96444176883 -3729.327917099
275263.943176603 1320.40141791625 -3864.62987866253 1375.17201248556
309549.280116074 1775.81709550190 434.480323456228 -6364.27202261984
272836.58925283 2801.45113611083 6930.27639761567 -9186.30515225232
313529.824147024 2198.66857336486 8347.78991527855 -1565.65532088280
295188.616333983 2566.38336748346 2967.39028766751 9896.62065636367
266140.400492838 2858.67875374722 6430.62702845782 9885.9077785164
314881.964798736 2113.82634787860 -651.31904091686 8042.80240554363
310223.320439340 1792.72765245988 -56.6843897104263 -6463.38970400393
297787.411081381 2531.66501386502 4228.18154562265 -9236.56045459211
307967.425676379 2360.27029772164 -9296.98298685253 -285.038342699409
239983.591015729 1048.64152949258 2731.89339321107 -248.890910297632
310244.881481141 1793.28696906575 6249.02798328549 -1662.65717241913
212539.007244242 3219.89169160088 9699.4157973677 -9532.39757567644
303571.575663974 1656.45331770295 3638.90345208347 -4493.66093147546
291878.321947944 1492.51543456874 3295.37322279066 3710.48346161842
298328.08574184 2524.12254756423 -9258.72892141342 -4086.89869567752
307068.030871962 1720.97175140447 -3885.51380950958 4708.7241243571
312601.524246342 1864.31296029222 5016.50342252105 4622.60097265244
294486.897940698 1524.63533859104 1204.45989072323 4979.57988176495
308237.355218172 2354.41517224186 -9236.03048082441 816.781325265765
263661.058589957 2878.86622491243 -9738.53949923068 6829.05273977667
314725.72566209 2128.46649713178 -8047.08615876734 1241.76594428718
314745.693581205 1973.24876384971 5413.0438528955 -4996.04886397719
310664.210639574 1804.41798761782 3870.1646681875 5249.71262086183
304926.764137192 1680.12189642517 804.522521793842 -5845.50560452044
222015.810066520 935.41972065128 177.999637089670 -2169.80977449566
312697.872859346 1867.80497113791 -5046.54924850911 -4615.69081060588
314332.140852206 1943.20679498556 -1185.27487386018 -7118.02429053932
302510.845302444 2461.12292885959 6862.55817767233 -7003.9541553706
311730.216378584 1835.29761307287 5232.71359037608 4146.58912457526
313949.371542341 2178.4849385549 917.196795344353 -8342.1545336023
287391.468576486 2658.78054528173 7494.3802319467 -7768.05001311004
311099.730750751 1816.53996061428 5509.58346109837 3602.28077508509
306806.235115415 2384.29058984831 6619.0945962444 -6704.57771979272
309701.400377504 1779.54113997390 -2841.28726460040 -5732.16581251472
257168.207287471 2929.53997606725 -9061.30929011852 -8090.69133829325
284946.592496364 2684.98984247662 9195.18786948174 5899.40974488854
237003.254528185 1028.99235737882 -229.881266131997 2634.95302759111
290452.048188270 1475.71259446475 -3722.89621736854 -3152.84322947264
305613.620556837 2407.28381702624 7502.25397292525 -5887.22976390272
315108.646883253 2082.42491156451 -175.489122048020 7910.17816402018
226430.302475203 3137.85536737685 -9115.5527671799 9532.2463894263
274065.493094945 2790.46838244502 8534.7822168842 -7636.33601833135
312931.360560852 1876.55877309981 -3994.50381752104 -5605.06829991937
310024.562852362 2312.37218215449 -5208.21737591177 7415.64528085291
315185.904826336 2045.38816932432 5802.20327712595 -5102.94542182237
307355.033214572 2373.16078114830 -7407.03718271106 -5731.8481290713
306046.746514572 2399.1084546943 7703.18108145148 -5552.14591789991
270185.247128302 1275.38394136882 -2673.06372057647 -2808.06637369096
312749.415879377 1869.70083673248 5706.11102506518 -3787.12377976626
311109.806014124 1816.82784654892 -6246.48801516742 2081.41223993152
315130.68498474 2022.4766728611 6583.5447749123 -3821.69055286795
309221.846847132 2332.03198761531 9160.1563198492 -8.14168713986874
303451.970885684 2445.567594128 7242.75833461434 6494.09603327513
304622.419173713 2425.32351958076 -4716.44665114582 -8392.07348413765
305121.510755479 1683.64881612454 1762.58604507893 5649.6817106381
251432.919454777 2971.98756712675 9751.92120764405 7593.95128116012
310803.280573336 2291.77729219716 -8939.9708295241 581.866125576198
296099.012067087 2554.49298551995 -7639.42995108664 -6867.50651337206
302937.605923156 2454.14344115003 9613.79682645202 -1744.08293794841
310494.098192511 2300.15733202630 8355.54655175656 -3346.49104624987
297559.059675341 2534.81529575236 -4553.89867536724 9098.01291767508
313346.737498744 2206.66365250674 6633.44096392393 5367.95878782868
214024.19103414 888.602514405684 -533.78320299089 1868.25409065932
301904.572879885 2470.83927446813 -7285.67271959037 6635.07039658725
315151.789211935 2071.82072044796 997.809004038572 -7795.50425708294
246116.908039233 3009.65682727919 9918.18546783179 7686.9390392676
313105.987817827 2216.59380469366 -7950.79061295837 -3232.99951851368
315177.294833166 2038.33514290206 -6363.04554529488 4321.28761895001
239497.941613389 1045.41346225351 -2634.64928139001 -703.931306488812
300261.289547501 1603.8877502616 -4853.16861886531 -2628.87019198388
313457.998540611 2201.85525825112 8130.86633570492 2509.34167299420
300723.005828388 2489.15819733686 -4003.59197985381 9104.39507104456
312240.130622246 1851.76211671315 -6138.81725817919 2827.7982911095
288399.703467288 2647.6375326535 9179.61693368852 5571.65211066604
315165.502528322 2067.12599259522 -3215.98435286433 -7145.24608105421
283218.03998816 2702.88549288871 4926.20412725955 9851.4021979645
293551.105056050 1512.89175586355 -2233.78023132682 4545.21381296217
308340.267940114 2352.15298685459 -7055.66614866257 5998.27828351408
294612.660889711 2573.76634880181 -7428.89352608472 7233.54772664607
311671.530541063 2266.51695727086 -7295.79047765583 -4978.55353634804
265431.830840659 1235.50081514801 -2794.91752386093 -2390.07787778974
314783.075510502 2123.432462349 2531.1917765066 -7712.41805050522
314848.870750835 2117.19417129133 -2478.15488371998 -7696.86124753207
307241.11038301 2375.50247550498 1544.65816915035 9249.41995646805
314499.611690077 2145.76974539126 1154.70309741795 8147.42978662252
310067.824735346 1788.72938002512 -1574.35719855130 6248.3585672453
315185.85105976 2045.31109075964 1709.67280864716 7535.03006417304
306610.384725081 1711.82617339759 -5562.63413280249 -2402.11747586727
314011.741481667 2175.20694966508 514.786350540817 -8360.20054295659
307368.425973545 2372.88437613601 -2770.85127774626 -8945.09811885655
306246.648552117 2395.26997065839 -1231.80201277137 9395.9496775642
294961.35966555 2569.30903239401 -8626.40490755439 5712.80449163169
306186.257060859 2396.43408106289 -8310.0019954145 -4566.77374430001
-9 -9 -5000 0
315183.434483764 2057.36253238708 4132.93827790767 6599.49033055454
274931.259517240 2782.63215401965 -6168.78257598728 9602.41429507732
311295.246473613 2277.80850222317 -6147.6961383596 -6420.35115510225
312746.733002461 2230.39833693022 -2727.81928069890 -8210.72238497436
303529.968064988 1396.22297524371 -712.160347029567 -4424.16299134493
285793.078207545 2676.03963444769 -5410.2729819715 9439.68529812992
313707.445232862 1519.21422986524 5092.35249832273 194.646324962378
311879.882368380 1839.99626569605 5972.29085862637 3036.69091314077
300905.819064306 2486.37416568344 -1808.64755064249 9765.80013055354
304264.757801177 1668.37641234985 -5605.90985231102 -1643.58168374747
293467.063275499 2588.15037210184 7263.21164052933 -7500.3370642662
311476.105082535 2272.45283897088 -8858.93302038312 -242.965840734541
300956.255288235 1614.39705064107 1308.51512309164 5416.16172529757
268490.692074307 2839.06533675984 9557.88671970367 6739.9901850149
301228.611090114 1618.58544438270 3692.85308755934 4200.43699909002
267940.831830482 1256.30259191959 3547.73310944438 1308.98053757846
314110.511205483 1930.16740596331 -3113.12990263104 6437.61543091387
287044.181630407 1437.42817161748 -1614.78540860116 4400.19971225411
280684.684384611 2728.26067373726 -6587.47810404748 -8985.1974369958
302116.081141182 2467.47525050504 583.496796898544 -9820.05616184324
314869.437646836 2115.12166594553 3053.65317966789 7476.00509319454
299957.489957023 2500.62933834032 5959.86011903733 8033.86650979519
243889.496817862 3025.00771403539 9972.68906328827 -7741.90362542868
288369.035613569 2647.97953573046 -7819.51682642102 7362.10287548602
304725.035796675 1676.50365100713 -1001.91773381084 5796.56638670713
288144.875983093 2650.47341342097 -8580.8520577848 -6479.38079666346
232790.611991295 3098.15322040692 -8317.33448896557 -9979.07565440983
251316.958985805 2972.8256680016 9014.43134993315 8462.36946992576
293967.295774252 1518.08266023441 1798.55784866959 -4762.08958774805
312831.565559794 1872.76439634559 1801.02414917201 6623.31972736865
281831.725855398 1383.10896297719 2214.77977931499 3819.91970352829
278004.387330024 1345.88719966210 2973.09955582023 -3008.12365021557
300451.492958942 1606.73924843184 5433.79832524806 1046.72339279205
314446.921745381 2149.3698985018 -537.170772440732 -8229.3361891061
308669.936522143 1755.21050498462 2904.58792354912 5563.47052566707
230331.223630698 3113.68088177675 8598.94366934896 9840.80085996538
308473.831590804 2349.19154197483 5481.06750939041 -7446.18244003505
291939.171592670 2606.75642079614 -3322.68413621932 9996.0159836337
314852.417249338 1983.1586205347 2470.99203057587 6992.00870469213
278577.712076220 1351.33662923379 -2003.34888882935 3755.78815117478
315133.559001803 2076.81815260777 1664.43939786404 7706.39530848712
294669.857283574 1526.96217196808 -5002.39056535065 -1158.60743913800
312815.025044991 1872.14331780863 -2416.18687286973 -6421.17381095886
299596.899483030 2505.93275113726 7520.52183263004 6635.95557678491
274398.168512741 1312.53287994416 -3393.71811598539 2233.36503375322
311174.257940075 2281.32205716779 -8487.54842299968 -2699.85713530332
313221.139920427 1888.0798517963 -4330.59357106686 -5423.5690459609
300276.913580706 2495.87870427273 7590.86397476494 -6478.20030339062
306352.223537522 1706.77458403205 -5927.04598791897 1130.37528004497
315171.447475295 2035.37011063857 -1049.83908124268 7604.72697205842
305448.193493517 2410.35735053755 3875.92657934874 8730.05288187414
314853.147946334 1983.23153901569 -6990.68534653634 -2475.82579031587
314951.435512995 1993.89717927407 -6227.68849600106 4124.21090062708
230739.393640519 988.880425465748 -2398.50712474436 471.45024407655
314866.272474107 2115.44489039317 -2913.43870107085 -7533.48722588271
305458.791583066 2410.16123087555 3976.71217564493 8683.52799676359
298130.529080017 1573.10768622978 3710.22943872958 3875.97731780261
255166.400766453 1155.41555842170 -2949.58979357034 1427.99121327698
300801.520151013 2487.96468425337 -7828.26128415763 -6125.22774375975
303816.758439158 2439.37114361222 -9659.1469971463 854.336060583591
310482.73475675 2300.45998331736 -7284.68729183078 -5289.11475092173
299457.128794231 2507.97192353198 9912.30968385935 -1595.27360461652
306720.277486899 1563.59080979471 -5305.07685616612 -369.857833720744
313178.192511339 1886.32114823385 3974.2283616215 5679.14316430688
276933.424559153 1335.81911310139 3903.27946282923 -1493.0670382455
309023.259334097 2336.68776664758 -1591.31159540266 -9044.51636131853
313448.773924048 2202.25969376702 3798.28541539609 -7616.77290778607
314223.430185942 1936.62335254809 6211.03926096112 3608.34556631744
315143.058142407 2025.65748367086 -3549.66010898352 -6752.08723638207
305043.330922719 2417.77110775193 9363.60378749669 2066.1739166826
314947.130000878 2106.61213051660 7963.23290560395 -1056.87517672777
314919.041618162 1587.58012520568 -5429.38641272485 -304.181524552405
253780.956727151 1145.14978570780 -1719.95946206152 -2728.95503789186
294366.664169141 1523.11182931152 -2460.79480275512 4484.80036575347
284506.349446043 2689.59519024622 -4514.01032973081 -9974.0607663989
300362.428553454 2494.59826730126 6154.12650164217 7847.75657113642
314984.329356036 2102.04749676523 -5717.62949693948 -5610.04612129182
309757.947584274 2319.06139115390 -4993.32337174565 7602.0609261468
282002.040861345 1384.81371893626 -1025.87596513331 -4303.48247755319
253379.656434647 2957.80206040269 -7430.4949818179 9788.13151363283
246060.819027846 3010.04639451889 -8961.93355787545 8785.90174484998
314245.678039835 2162.06081445153 -5617.22905375063 6124.36866387725
269905.591072080 1272.98083311568 -569.911827333272 3822.65414576977
306712.357699207 2386.15754839644 8860.5320872739 -3229.66384701431
282018.705637253 2715.01924145343 -9458.51104799658 5761.45161874592
212662.173443165 3219.18961425901 -9488.29328175634 -9737.6637114212
314200.32953594 1935.27305088107 7067.61913374066 -1244.57946512848
291096.201990743 2616.76036099051 9430.18291611224 4805.05055282265
286092.025010334 1427.15197156218 4537.36866824329 950.028961524367
314964.916644001 1995.52268288554 -6351.0414538905 -3947.02100660652
310100.729820051 1789.57035038360 -4222.15773724020 4873.21005668491
233411.827095164 1005.80542742369 -185.733283869922 -2522.19773363322
303478.088398459 1654.87282044821 -1966.1189801991 5429.33301068842
308748.356761964 2343.01065368654 5641.91377256066 7286.01507842541
309304.506245019 2330.07127080992 5088.4370226413 7605.05293030292
314881.565148579 1986.13192227505 -7231.84212576598 1707.38446991891
292282.607543148 2602.62877783496 -5521.19391970336 -8946.65368366987
300438.002881701 2493.46359667658 -7806.79756775498 -6196.8814348802
314888.659226021 2113.12324178193 -6847.19092212617 4262.64487206936
300185.663812028 2497.24096693650 -8488.5941632092 5260.04335843027
304772.184291786 2422.65382878688 8028.140864335 5288.09019364417
302533.210596967 2460.76009872808 4393.24968960136 8764.35173209757
163948.715548413 629.958759042134 -456.094425171614 -462.828101590276
315186.758506491 2053.14429326247 -7453.97467631847 2178.23125887662
315187.493129976 2049.69734454233 5800.75644422323 5137.1462084353
311868.876592889 1839.64717236316 -6244.42542437464 2423.53353183717
282912.131101858 2706.00171644229 -5082.67215453088 -9789.15384970605
308579.282281655 1753.16743848100 -3989.63357787579 4831.51525259018
313073.970211185 2217.87017955610 -7446.28858286887 -4281.32399916649
288257.493009718 2649.22179522313 6382.18761887401 -8645.60809452087
260177.935180282 1193.57670263887 -953.952982090414 3334.09504499286
279844.562189728 1363.53137667944 -1730.34510575235 3955.76374139637
316408.454514513 1595.57229150242 -626.989332959056 -5441.86094310135
312085.619263626 2253.36767151718 7929.48658112437 3739.07707165927
267965.976934967 2843.48617349881 -9495.56972831488 6865.29982369393
247884.446464449 1102.70171163425 -2559.14376117289 1591.23129677027
308981.083076965 1762.33313426732 -5736.14301625639 -2633.20846948773
312826.290804816 2227.43390112693 7758.2979388535 3795.98605912179
314975.925797101 2103.11298684867 7314.3056454137 3278.75191811472
290814.637338047 1352.36059711256 -589.544763788581 -4220.82949895412
315122.089885052 2079.53192960121 7822.17043917626 1089.34729825705
299934.248300346 1599.02695276911 -3321.81453704834 4377.44837254286
307463.657620231 1729.08791692492 -6134.23000555485 371.012031100690
306336.095039807 2393.53854631259 -2798.59435744584 -9044.61581725627
-9 -9 0 5000
287909.137292601 2653.08498801191 -9956.65172114968 -4093.83202437311
311231.581842735 1820.33595094095 5349.89879466593 -3867.9139688611
309178.466025091 1766.9444347857 2938.80444951355 -5611.78522650152
182334.286784182 719.069432235134 775.210824795067 773.843382485211
288750.907722033 1456.29308826698 -2199.35359898955 4245.61603460461
283448.609842558 1399.47313499039 -4025.4486259073 2005.50775974989
246901.414972186 1095.80864932437 -2739.19109255075 1171.12374398857
309048.29512514 1763.89501053262 -1019.03195027262 6236.77310999483
257182.319652525 1170.56699821249 3153.85936759412 1137.83723209053
296630.251988952 2547.42333427438 -9606.53172805905 3537.3868746683
315143.058527774 2074.34241078894 7703.72063387185 -1617.57196299732
305673.335821574 1693.83217104993 3455.5996209383 4867.20788292587
303161.328341557 2450.43595673454 9691.06249511242 -1090.10010957718
299853.726171477 1392.16931816414 4450.83837024868 -298.647130839527
312181.38251043 2250.20381247019 -5284.75214261562 -6975.0791694969
312088.934775323 2253.25895551168 6961.29183284938 -5328.07095907629
301114.904227954 2483.16810858367 8772.22060691565 4622.99029808491
247206.422260422 1097.94203440072 2919.92770973593 -642.17527396977
261903.329740475 1207.11471512410 -255.931238643825 3526.29830129445
315178.548314861 2060.92500809395 7202.0736662671 3007.04288762063
298207.864522247 1574.19001723022 4977.95532923192 -2016.69669710100
